xloc,yloc,rescuetime
31,144,198
135,432,146
136,232,120
159,231,126
267,344,102
137,259,176
11,408,128
184,162,188
177,143,100
154,293,193
156,287,129
165,156,168
199,329,154
75,417,195
245,266,168
242,317,166
41,265,156
166,207,128
203,239,182
120,417,105
231,87,166
80,138,108
83,369,136
56,164,160
141,278,195
194,73,119
133,316,173
104,207,194
161,165,167
197,92,164
64,132,152
239,163,126
240,362,126
84,408,146
114,299,189
259,198,112
175,227,137
277,292,128
230,395,142
215,310,186
92,235,118
154,313,184
94,120,176
87,309,132
86,54,169
147,167,170
132,171,150
188,390,100
69,342,186
265,91,122
231,321,177
213,218,136
211,407,128
111,143,154
90,295,119
88,165,101
161,166,125
212,384,139
183,320,160
249,239,157
231,361,123
125,248,129
163,34,126
77,203,132
133,279,154
218,285,164
204,429,180
119,225,193
78,21,110
256,90,185
219,279,101
40,415,129
129,179,113
172,370,187
173,415,119
191,99,186
150,386,185
100,227,160
36,420,153
191,93,120
122,368,165
154,308,173
50,359,163
85,217,153
227,69,176
178,135,178
70,148,129
80,381,113
65,296,155
56,346,163
240,199,173
125,54,143
59,358,195
144,236,102
200,277,197
156,110,148
93,291,179
139,132,184
128,463,152
232,122,164
101,64,126
71,26,113
18,253,153
34,87,170
77,296,140
71,266,134
126,266,131
71,259,185
120,95,141
97,112,136
124,245,130
144,76,187
113,61,138
109,6,141
128,237,170
127,218,141
103,291,125
109,245,122
85,301,194
99,279,181
122,84,188
108,41,141
113,224,122
114,23,134
117,217,185
120,218,149
83,188,116
75,274,132
24,246,141
144,64,147
60,279,167
44,279,165
34,282,193
103,74,150
31,292,100
60,212,198
91,16,111
47,220,101
61,289,135
92,104,146
101,83,195
141,282,189
46,258,128
65,279,158
122,228,147
94,32,183
102,198,170
106,270,152
79,301,172
137,236,171
96,286,163
56,72,195
124,250,142
58,209,118
37,89,120
92,302,196
148,60,114
60,22,101
39,286,184
125,250,160
147,47,127
75,66,106
11,294,166
72,106,165
111,45,165
71,10,192
105,32,158
78,186,151
120,238,106
80,127,170
23,308,133
102,26,197
86,48,181
54,55,183
112,233,172
53,32,117
40,82,119
75,298,109
81,16,141
118,49,126
124,54,199
128,306,158
59,289,197
74,40,131
64,54,189
93,229,197
81,301,155
81,279,183
106,76,155
128,35,125
132,308,156
41,270,103
103,289,181
125,234,115
117,284,131
38,279,102
101,19,199
117,292,116
45,267,198
135,67,128
151,49,176
78,218,118
65,44,198
109,99,121
112,273,169
49,310,190
100,48,113
136,217,112
122,291,106
11,264,184
62,204,168
89,234,110
88,14,138
78,294,124
135,111,108
86,98,102
156,245,189
89,233,140
105,107,151
126,100,144
150,81,106
101,296,197
50,294,190
84,283,173
113,231,170
85,308,189
148,237,177
106,127,186
128,303,170
21,252,158
45,290,126
85,249,163
92,297,142
68,274,127
135,92,115
40,7,197
103,46,150
119,269,177
103,247,107
162,279,102
21,251,173
104,20,166
112,286,116
161,298,157
96,63,185
57,28,168
15,289,122
52,248,132
125,244,151
96,239,193
128,251,189
109,20,161
85,11,181
78,46,136
104,306,143
126,213,158
39,287,182
133,66,138
115,237,168
73,298,156
91,93,178
101,252,108
74,217,135
121,48,156
37,280,117
64,6,119
150,253,184
102,278,199
63,127,106
99,74,192
73,103,111
38,293,158
86,92,104
99,75,102
134,108,121
60,41,143
108,92,125
72,53,116
69,286,171
77,65,156
73,271,118
62,44,173
113,103,195
109,111,165
135,251,173
77,263,174
59,35,182
149,225,164
72,88,125
53,109,150
94,60,150
90,269,133
60,201,150
149,33,141
153,240,171
65,120,100
86,99,196
92,228,191
38,276,149
118,117,154

numambulance
7
7
8
11
11
